86 2
86 34
86 36
86 37
86 40
86 44
86 45
86 46
86 49
86 50
86 51
86 52
86 60
86 65
86 72
86 83
86 94
86 109
86 113
86 114
2 5
2 32
2 69
2 89
2 116
34 1
34 35
34 82
34 90
34 110
36 68
36 77
36 87
36 100
36 111
37 10
37 11
37 17
37 30
37 76
40 0
40 64
40 67
40 71
40 101
44 23
44 26
44 48
44 104
44 105
45 6
45 21
45 27
45 102
45 115
46 7
46 8
46 15
46 19
46 25
49 4
49 54
49 55
49 106
49 118
50 13
50 18
50 43
50 84
50 93
51 24
51 38
51 62
51 75
51 88
52 16
52 20
52 22
52 33
52 47
60 39
60 78
60 79
60 81
60 92
65 28
65 57
65 95
65 97
65 120
72 3
72 12
72 41
72 58
72 119
83 29
83 31
83 56
83 96
83 112
94 42
94 63
94 80
94 91
94 98
109 59
109 66
109 70
109 74
109 117
113 9
113 14
113 61
113 73
113 108
114 53
114 85
114 99
114 103
114 107
